255 255 255 255 255 255 255 255 255 255 255 255 255 255 255 255
255 251 223 223 235 227 227 243 223 227 255 235 223 223 251 255
255 223 189 183 235  32  32 243 114 199  67 235 183 189 223 255
255 223 183   0 255  96 151 255  60   0 139 255   0 183 223 255
255 235 235 255 255 235 235 135   0 243 243 255 255 235 235 255
255 223 200  32  32  32 227   0 243   0  28 159  96   4 227 255
255 223   5  32  32  32 227  84 159  28 251  20  12 199 227 255
255 223  94 100 195  96 151  96 100 116 171   0  96  84 223 255
255 255 215  96  36 243  20 195 155 235 151 219 120 210 235 255
255 255  90 171 159  28 223 116 139 227  32 159  84  55 255 255
255 255 215  32 104 223  28 116 139  60  60  20   0  55 255 255
255 235 235 255 255  20 104 195 100  32  32 255  60 235 235 255
255 223 183   0 255  20  20  96  96 223  84  96  96 109 223 255
255 223 189 183 235 199  32 208   0 232 204  15 129 164 227 255
255 251 223 223 235 227 255 223 223 255 227 223 223 255 255 255
255 255 255 255 255 255 255 255 255 255 255 255 255 255 255 255
255 255 255 255 255 255 255 255 255 255 255 255 255 255 255 255
255 251 223 223 235 227 227 243 223 227 255 235 223 223 251 255
255 223 189 183 235  32  32 243 114 199  67 235 183 189 223 255
255 223 183   0 255  96 151 255  60   0 139 255   0 183 223 255
255 235 235 255 255 235 235 135   0 243 243 255 255 235 235 255
255 223 200  32  32  32 227   0 243   0  28 159  96   4 227 255
255 223   5  32  32  32 227  84 159  28 251  20  12 199 227 255
255 223  94 100 195  96 151  96 100 116 171   0  96  84 223 255
255 255 215  96  36 243  20 195 155 235 151 219 120 210 235 255
255 255  90 171 159  28 223 116 139 227  32 159  84  55 255 255
255 255 215  32 104 223  28 116 139  60  60  20   0  55 255 255
255 235 235 255 255  20 104 195 100  32  32 255  60 235 235 255
255 223 183   0 255  20  20  96  96 223  84  96  96 109 223 255
255 223 189 183 235 199  32 208   0 232 204  15 129 164 227 255
255 251 223 223 235 227 255 223 223 255 227 223 223 255 255 255
255 255 255 255 255 255 255 255 255 255 255 255 255 255 255 255
255 255 255 255 255 255 255 255 255 255 255 255 255 255 255 255
255 251 223 223 235 227 227 243 223 227 255 235 223 223 251 255
255 223 189 183 235  32  32 243 114 199  67 235 183 189 223 255
255 223 183   0 255  96 151 255  60   0 139 255   0 183 223 255
255 235 235 255 255 235 235 135   0 243 243 255 255 235 235 255
255 223 200  32  32  32 227   0 243   0  28 159  96   4 227 255
255 223   5  32  32  32 227  84 159  28 251  20  12 199 227 255
255 223  94 100 195  96 151  96 100 116 171   0  96  84 223 255
255 255 215  96  36 243  20 195 155 235 151 219 120 210 235 255
255 255  90 171 159  28 223 116 139 227  32 159  84  55 255 255
255 255 215  32 104 223  28 116 139  60  60  20   0  55 255 255
255 235 235 255 255  20 104 195 100  32  32 255  60 235 235 255
255 223 183   0 255  20  20  96  96 223  84  96  96 109 223 255
255 223 189 183 235 199  32 208   0 232 204  15 129 164 227 255
255 251 223 223 235 227 255 223 223 255 227 223 223 255 255 255
255 255 255 255 255 255 255 255 255 255 255 255 255 255 255 255

255 255 255 255 255 255 255 255 255 255 255 255 255 255 255 255
255 251 223 223 235 227 227 223 235 255 255 235 223 227 255 255
255 223 189 183 235   4 199  84 210  55  55 235 109 164 255 255
255 223 183   0 255  96  12  96 120  84   0  60  96 129 223 255
255 235 235 255 255 159  20   0 219 159  20 255  96  15 223 255
255 255  67 139 243  28 251 171 151  32  60  32  84 204 227 255
255 227 199   0 243   0  28 116 235 227  60  32 223 232 255 255
255 223 114  60   0 243 159 100 155 139 139 100  96   0 223 255
255 243 243 255 135   0  84  96 195 116 116 195  96 208 223 255
255 227  32 151 235 227 227 151  20 223  28 104  20  32 255 255
255 227  32  96 235  32  32  96 243  28 223  20  20 199 227 255
255 235 235 255 255  32  32 195  36 159 104 255 255 235 235 255
255 223 183   0 255  32  32 100  96 171  32 255   0 183 223 255
255 223 189 183 235 200   5  94 215  90 215 235 183 189 223 255
255 251 223 223 235 223 223 223 255 255 255 235 223 223 251 255
255 255 255 255 255 255 255 255 255 255 255 255 255 255 255 255
255 255 255 255 255 255 255 255 255 255 255 255 255 255 255 255
255 251 223 223 235 227 227 223 235 255 255 235 223 227 255 255
255 223 189 183 235   4 199  84 210  55  55 235 109 164 255 255
255 223 183   0 255  96  12  96 120  84   0  60  96 129 223 255
255 235 235 255 255 159  20   0 219 159  20 255  96  15 223 255
255 255  67 139 243  28 251 171 151  32  60  32  84 204 227 255
255 227 199   0 243   0  28 116 235 227  60  32 223 232 255 255
255 223 114  60   0 243 159 100 155 139 139 100  96   0 223 255
255 243 243 255 135   0  84  96 195 116 116 195  96 208 223 255
255 227  32 151 235 227 227 151  20 223  28 104  20  32 255 255
255 227  32  96 235  32  32  96 243  28 223  20  20 199 227 255
255 235 235 255 255  32  32 195  36 159 104 255 255 235 235 255
255 223 183   0 255  32  32 100  96 171  32 255   0 183 223 255
255 223 189 183 235 200   5  94 215  90 215 235 183 189 223 255
255 251 223 223 235 223 223 223 255 255 255 235 223 223 251 255
255 255 255 255 255 255 255 255 255 255 255 255 255 255 255 255
255 255 255 255 255 255 255 255 255 255 255 255 255 255 255 255
255 251 223 223 235 227 227 223 235 255 255 235 223 227 255 255
255 223 189 183 235   4 199  84 210  55  55 235 109 164 255 255
255 223 183   0 255  96  12  96 120  84   0  60  96 129 223 255
255 235 235 255 255 159  20   0 219 159  20 255  96  15 223 255
255 255  67 139 243  28 251 171 151  32  60  32  84 204 227 255
255 227 199   0 243   0  28 116 235 227  60  32 223 232 255 255
255 223 114  60   0 243 159 100 155 139 139 100  96   0 223 255
255 243 243 255 135   0  84  96 195 116 116 195  96 208 223 255
255 227  32 151 235 227 227 151  20 223  28 104  20  32 255 255
255 227  32  96 235  32  32  96 243  28 223  20  20 199 227 255
255 235 235 255 255  32  32 195  36 159 104 255 255 235 235 255
255 223 183   0 255  32  32 100  96 171  32 255   0 183 223 255
255 223 189 183 235 200   5  94 215  90 215 235 183 189 223 255
255 251 223 223 235 223 223 223 255 255 255 235 223 223 251 255
255 255 255 255 255 255 255 255 255 255 255 255 255 255 255 255

255 255 255 255 255 255 255 255 255 255 255 255 255 255 255 255
255 252 248 196 186 212 252 186 197 243 207 207 199 197 244 255
255 195  70  99  83 211 216   0 156  43 205 160 136 161 218 255
255 191 159  85 103  74 203  90  81  31  40 160  59 130 219 255
255 236 245  67 217  48 103  45 179  95  32 154 166 158 230 255
255 242  44   8  20  92  65 106 134  36 202  87  50 154 255 255
255 232  81  81 138  26 202 119 153 173  89 157 167 167 252 255
255 216 162 144 182 124 235 158 167  87 205  78  71 162 248 255
255 193 120 122   2 133 135 102 128 126 113 160  88 126 217 255
255 216 198  43  58 234  71 143 109 200  29  97  26  35 214 255
255 199   7  94 166  45  14 231  37 209  51  50  63 193 218 255
255 210 159 165 164 156 183  78 131 218 162 150 163 155 227 255
255 199 137  62 170 143  55  58 221 175 103 162  57 129 219 255
255 198 168 134 161 118 223 107 245  65  42 151 132 154 218 255
255 240 208 209 222 246 221 214 235 209 208 216 209 208 246 255
255 255 255 255 255 255 255 255 255 255 255 255 255 255 255 255
255 255 255 255 255 255 255 255 255 255 255 255 255 255 255 255
255 252 248 196 186 212 252 186 197 243 207 207 199 197 244 255
255 195  70  99  83 211 216   0 156  43 205 160 136 161 218 255
255 191 159  85 103  74 203  90  81  31  40 160  59 130 219 255
255 236 245  67 217  48 103  45 179  95  32 154 166 158 230 255
255 242  44   8  20  92  65 106 134  36 202  87  50 154 255 255
255 232  81  81 138  26 202 119 153 173  89 157 167 167 252 255
255 216 162 144 182 124 235 158 167  87 205  78  71 162 248 255
255 193 120 122   2 133 135 102 128 126 113 160  88 126 217 255
255 216 198  43  58 234  71 143 109 200  29  97  26  35 214 255
255 199   7  94 166  45  14 231  37 209  51  50  63 193 218 255
255 210 159 165 164 156 183  78 131 218 162 150 163 155 227 255
255 199 137  62 170 143  55  58 221 175 103 162  57 129 219 255
255 198 168 134 161 118 223 107 245  65  42 151 132 154 218 255
255 240 208 209 222 246 221 214 235 209 208 216 209 208 246 255
255 255 255 255 255 255 255 255 255 255 255 255 255 255 255 255
255 255 255 255 255 255 255 255 255 255 255 255 255 255 255 255
255 252 248 196 186 212 252 186 197 243 207 207 199 197 244 255
255 195  70  99  83 211 216   0 156  43 205 160 136 161 218 255
255 191 159  85 103  74 203  90  81  31  40 160  59 130 219 255
255 236 245  67 217  48 103  45 179  95  32 154 166 158 230 255
255 242  44   8  20  92  65 106 134  36 202  87  50 154 255 255
255 232  81  81 138  26 202 119 153 173  89 157 167 167 252 255
255 216 162 144 182 124 235 158 167  87 205  78  71 162 248 255
255 193 120 122   2 133 135 102 128 126 113 160  88 126 217 255
255 216 198  43  58 234  71 143 109 200  29  97  26  35 214 255
255 199   7  94 166  45  14 231  37 209  51  50  63 193 218 255
255 210 159 165 164 156 183  78 131 218 162 150 163 155 227 255
255 199 137  62 170 143  55  58 221 175 103 162  57 129 219 255
255 198 168 134 161 118 223 107 245  65  42 151 132 154 218 255
255 240 208 209 222 246 221 214 235 209 208 216 209 208 246 255
255 255 255 255 255 255 255 255 255 255 255 255 255 255 255 255

255 255 255 255 255 255 255 255 255 255 255 255 255 255 255 255
255 243 209 209 220 255 249 247 205 201 207 219 209 209 243 255
255 209 162 133 158 147 165 157 135  38 205 160 133 162 209 255
255 209 133  60 164  51 178  62 101  25  61 164  60 133 209 255
255 219 160 164 155  96 152  82 157  98  51 156 165 155 219 255
255 218 189  45  42 198  94 205 103  32  54 162 106  53 211 255
255 247  53  22  87  29 175  77 135 210 218 223 178  54 207 255
255 208 153  95 177 122 143 176 114 103  41 138 221 247 239 255
255 200   0 101  46  99 115 167  99 132 228  72  54  99 214 255
255 253 213 194 114  73 192 230 127  79  14 179  55 216 223 255
255 218 210  84  40  85  25 119 137 239  48 159 150 119 246 255
255 201  74 114 216  22 150 186   2  62 179 160 167 158 220 255
255 208  96 100  73   8  86 149 114  49 104 165  60 133 209 255
255 250  78 154 242  54  87 168 103 193  10 155 133 162 209 255
255 253 209 204 238 246 238 226 205 223 211 219 209 209 243 255
255 255 255 255 255 255 255 255 255 255 255 255 255 255 255 255
255 255 255 255 255 255 255 255 255 255 255 255 255 255 255 255
255 243 209 209 220 255 249 247 205 201 207 219 209 209 243 255
255 209 162 133 158 147 165 157 135  38 205 160 133 162 209 255
255 209 133  60 164  51 178  62 101  25  61 164  60 133 209 255
255 219 160 164 155  96 152  82 157  98  51 156 165 155 219 255
255 218 189  45  42 198  94 205 103  32  54 162 106  53 211 255
255 247  53  22  87  29 175  77 135 210 218 223 178  54 207 255
255 208 153  95 177 122 143 176 114 103  41 138 221 247 239 255
255 200   0 101  46  99 115 167  99 132 228  72  54  99 214 255
255 253 213 194 114  73 192 230 127  79  14 179  55 216 223 255
255 218 210  84  40  85  25 119 137 239  48 159 150 119 246 255
255 201  74 114 216  22 150 186   2  62 179 160 167 158 220 255
255 208  96 100  73   8  86 149 114  49 104 165  60 133 209 255
255 250  78 154 242  54  87 168 103 193  10 155 133 162 209 255
255 253 209 204 238 246 238 226 205 223 211 219 209 209 243 255
255 255 255 255 255 255 255 255 255 255 255 255 255 255 255 255
255 255 255 255 255 255 255 255 255 255 255 255 255 255 255 255
255 243 209 209 220 255 249 247 205 201 207 219 209 209 243 255
255 209 162 133 158 147 165 157 135  38 205 160 133 162 209 255
255 209 133  60 164  51 178  62 101  25  61 164  60 133 209 255
255 219 160 164 155  96 152  82 157  98  51 156 165 155 219 255
255 218 189  45  42 198  94 205 103  32  54 162 106  53 211 255
255 247  53  22  87  29 175  77 135 210 218 223 178  54 207 255
255 208 153  95 177 122 143 176 114 103  41 138 221 247 239 255
255 200   0 101  46  99 115 167  99 132 228  72  54  99 214 255
255 253 213 194 114  73 192 230 127  79  14 179  55 216 223 255
255 218 210  84  40  85  25 119 137 239  48 159 150 119 246 255
255 201  74 114 216  22 150 186   2  62 179 160 167 158 220 255
255 208  96 100  73   8  86 149 114  49 104 165  60 133 209 255
255 250  78 154 242  54  87 168 103 193  10 155 133 162 209 255
255 253 209 204 238 246 238 226 205 223 211 219 209 209 243 255
255 255 255 255 255 255 255 255 255 255 255 255 255 255 255 255
